189173220190901
18957520190901
189521520190901
189511520190901
189491520190901
189481520190901
189461420190901
189431620190901
189321720190901
189312420190901
189301720190901
189291620190901
189272820190901
189262520190901
189252820190901
189232820190901
189214420190901
189202620190901
189192620190901
189124320190901
18994520190901
18984520190901
18974420190901
18954520190901
18934420190901
189173120191001
18957620191001
18955720191001
189521620191001
189511620191001
189491620191001
189481620191001
189471620191001
189461620191001
189301820191001
189282220191001
189262620191001
189252920191001
189232920191001
189214620191001
189202720191001
189192720191001
189162520191001
189124520191001
189104620191001
18984620191001
18964620191001
18954620191001
18944620191001
18934620191001
18957720191101
189431820191101
189324920191101
189312620191101
189291820191101
189262720191101
189253020191101
189233020191101
189214720191101
189202820191101
189192820191101
189162620191101
189104720191101
18974720191101
18964720191101
18954720191101
18944720191101
18934720191101
189431920191201
189322620191201
189312720191201
189291920191201
189262820191201
189253120191201
189233120191201
189214820191201
189202920191201
189192920191201
189162720191201
18994820191201
18974820191201
18964820191201
18954820191201
18934820191201
189432020200101
189312820200101
189303420200101
189292020200101
189262920200101
189253220200101
189233220200101
189214920200101
189203020200101
189193020200101
189162820200101
18974920200101
18964920200101
18954920200101
18934920200101
189571020200201
189432120200201
189323020200201
189303120200201
189292120200201
189263020200201
189253320200201
189233320200201
189215020200201
189203120200201
189193120200201
189162920200201
189105020200201
18995020200201
18976220200201
18966220200201
18956220200201
18936220200201
1893352620200301
189571120200301
189432220200301
189324620200301
189304720200301